10 145 5 9
1 18 916445904
1 16 45480206
7 11 556097829
9 13 22451673
9 18 435411231
1 12 850385413
6 7 452291197
1 15 735514571
1 19 812053310
7 16 913072646
1 5 636973764
5 15 791115819
6 10 181091709
3 9 387235729
8 10 968374453
8 19 341708720
6 13 222572461
1 4 923371826
5 17 957165157
7 19 691631353
1 20 446521410
4 17 607469609
2 14 21197987
5 20 36571886
5 8 891668825
10 14 883663413
1 6 395943269
5 14 115876846
4 11 457518256
4 8 945829555
2 3 581335844
3 17 889704917
9 12 738587154
8 12 947090243
2 12 576768546
2 10 588958949
4 7 816353541
4 12 69066013
7 10 867979674
3 19 275127176
7 13 76819930
10 20 216070266
10 13 754648027
8 15 326152297
3 13 157641823
3 10 678710212
5 16 190081154
3 12 318238297
10 12 320425692
10 16 868178438
5 11 732593737
6 16 12729744
1 2 679854882
4 13 385837611
4 16 145402024
8 9 298097110
1 13 997981495
4 9 467510003
5 10 304253939
2 17 749994685
7 8 633009152
2 4 8347611
10 19 677847358
4 18 129816176
9 10 672470695
2 15 440404979
6 17 635265400
10 11 419646331
8 20 283891837
3 7 128792089
3 11 840829964
1 10 860076763
2 8 720649262
1 8 955122098
2 9 173401394
5 12 522944374
7 17 312069385
4 19 112700304
2 11 87041107
9 17 380160952
2 18 249589291
2 16 721022306
1 11 13801515
5 13 102338323
1 9 537058698
3 14 871640720
6 15 531569123
2 5 16497484
10 15 208193081
1 17 953758357
5 18 139980814
3 20 441798183
1 7 663851401
7 20 244157605
3 16 341882280
9 19 218915329
6 12 640815479
6 18 327847094
7 15 135106665
4 5 534407965
4 6 842635740
8 14 936531854
3 15 28415297
3 18 587344338
8 16 986313075
8 17 847599831
2 7 646193559
6 14 656643014
5 9 739168893
6 20 496359020
6 8 644803100
3 8 645010898
7 18 47739191
10 18 467569858
8 11 816013356
9 16 774825524
5 7 469899876
9 11 897009845
4 14 51853974
9 15 22387865
7 14 820585322
3 4 368799134
5 19 698886343
6 11 23953879
9 20 14502353
5 6 893284199
3 5 812811094
7 9 191773963
9 14 966495306
1 14 619696523
4 10 111963316
4 15 434654931
2 19 754905542
6 19 592429447
8 13 742927694
10 17 406765063
2 20 467186542
2 13 137832737
2 6 940090410
3 6 621852751
4 20 350891151
6 9 984611856
7 12 707998984
8 18 590890974
1 3 723473541
